Date,Open,High,Low,Close,Volume
2018-01-02,231.5,232.5,231.0,232.5,18055269
2018-01-03,236.0,238.0,235.5,237.0,29308091
2018-01-04,240.0,240.0,236.5,239.5,29096613
2018-01-05,240.0,240.0,238.0,240.0,22438255
2018-01-08,242.0,242.5,240.5,242.0,20233692
2018-01-09,242.0,242.0,239.5,242.0,19043123
2018-01-10,241.5,242.0,236.0,236.5,23631220
2018-01-11,235.0,236.0,232.5,235.0,30446338
2018-01-12,234.5,238.0,233.5,237.0,21513291
2018-01-15,240.0,240.0,238.0,240.0,27476533
2018-01-16,240.0,240.5,238.0,240.5,21691632
2018-01-17,240.5,243.0,239.0,242.0,38046119
2018-01-18,245.0,250.0,245.0,248.5,49896952
2018-01-19,253.5,255.5,251.5,255.5,50549292
2018-01-22,257.5,262.0,257.0,261.5,43400509
2018-01-23,262.5,266.0,262.5,266.0,33527444
2018-01-24,263.0,263.0,256.5,258.0,41874813
2018-01-25,258.0,264.0,256.5,258.0,44643756
2018-01-26,256.5,257.5,253.5,255.0,39555523
2018-01-29,259.0,261.5,255.0,258.5,30071234
2018-01-30,256.0,257.5,252.5,253.0,36860591
2018-01-31,253.0,257.5,252.0,255.0,44136808
2018-02-01,257.5,261.0,257.0,259.5,30559457
2018-02-02,259.0,260.0,255.0,259.5,25707560
2018-02-05,251.0,254.5,250.5,253.0,45594379
2018-02-06,242.5,243.5,234.0,239.0,102409048
2018-02-07,245.0,245.5,239.5,240.0,80063178
2018-02-08,239.5,242.0,238.0,238.5,30989550
2018-02-09,230.0,233.0,228.5,232.5,65735265
2018-02-12,235.5,237.5,235.0,236.5,35635236
2018-02-21,244.5,244.5,242.0,242.5,71504174
2018-02-22,244.0,244.0,239.0,239.5,39239993
2018-02-23,241.0,245.0,241.0,245.0,26985776
2018-02-26,247.0,247.5,245.0,246.5,35901810
2018-02-27,250.5,250.5,246.0,246.0,40818119
2018-03-01,244.0,245.0,242.0,243.0,39719984
2018-03-02,240.0,241.0,238.5,240.0,35139170
2018-03-05,242.5,243.0,240.5,241.5,27337846
2018-03-06,245.5,250.0,245.5,250.0,34890780
2018-03-07,248.0,248.5,246.0,247.0,30391219
2018-03-08,249.5,251.5,249.0,249.5,20645694
2018-03-09,250.0,251.0,248.5,250.5,19831063
2018-03-12,252.0,255.0,251.5,254.0,24492615
2018-03-13,255.5,259.0,255.0,259.0,33756883
2018-03-14,256.5,257.5,255.5,257.0,23772838
2018-03-15,258.0,258.0,255.0,255.0,19396493
2018-03-16,253.0,256.0,249.5,255.0,62929326
2018-03-19,252.5,255.5,251.0,255.0,21440766
2018-03-20,253.0,254.0,251.5,253.0,21840151
2018-03-21,255.0,255.0,251.0,252.5,28976737
2018-03-22,254.5,254.5,249.5,251.5,27000668
2018-03-23,245.0,247.0,244.0,245.0,52498390
2018-03-26,241.5,244.5,241.5,243.5,36987945
2018-03-27,248.0,251.0,247.0,251.0,31008260
2018-03-28,247.5,248.0,244.0,245.0,29637411
2018-03-29,243.0,247.0,242.5,244.0,36165345
2018-03-30,247.5,249.5,246.0,246.0,16996346
2018-04-02,248.5,249.0,245.0,246.5,17696003
2018-04-03,243.0,244.5,242.0,244.0,35813944
2018-04-09,248.0,248.0,243.5,245.0,34694824
2018-04-10,244.5,249.0,243.5,245.5,25156994
2018-04-11,246.5,248.5,246.5,248.0,21607935
2018-04-12,248.5,248.5,244.0,245.0,20409657
2018-04-13,246.0,246.0,244.0,244.5,19742548
2018-04-16,243.0,244.0,242.0,243.5,18350139
2018-04-17,243.0,243.5,237.5,238.0,42756389
2018-04-18,239.5,241.5,236.5,238.0,42500048
2018-04-19,242.0,244.5,241.0,244.5,31901989
2018-04-20,228.0,231.5,228.0,229.0,128452087
2018-04-23,226.5,227.5,225.0,226.5,71009975
2018-04-24,225.0,227.5,225.0,227.0,40967892
2018-04-25,225.5,226.0,224.0,225.0,46771110
2018-04-26,225.0,225.5,221.0,222.0,48023557
2018-04-27,225.0,225.5,221.0,223.5,34174459
2018-04-30,224.5,228.0,222.5,227.0,28500789
2018-05-02,227.0,227.5,222.5,223.0,38167942
2018-05-03,221.0,222.5,220.0,220.5,31690731
2018-05-04,221.0,224.0,220.5,223.0,27208722
2018-05-07,225.0,225.5,221.5,223.5,23268759
2018-05-08,224.0,228.5,223.5,228.0,40324763
2018-05-09,228.5,232.0,228.5,229.5,33778934
2018-05-10,231.0,231.5,229.0,229.5,27530377
2018-05-11,232.0,234.0,230.5,233.0,30693910
2018-05-14,234.5,234.5,232.5,233.0,19921437
2018-05-15,233.5,234.0,229.5,230.5,23771769
2018-05-16,229.5,230.5,228.5,230.5,14409556
2018-05-17,231.0,231.5,226.5,226.5,26852737
2018-05-18,225.5,227.5,223.5,223.5,27664541
2018-05-21,225.0,230.0,225.0,229.0,16127815
2018-05-22,230.0,233.5,229.0,229.0,22355097
2018-05-23,231.5,231.5,228.5,228.5,23062899
2018-05-24,229.5,230.0,228.5,229.0,12996610
2018-05-25,228.5,229.5,228.0,228.5,15971294
2018-05-28,229.5,230.0,226.5,227.0,16373270
2018-05-29,226.5,226.5,223.5,225.0,23764776
2018-05-30,224.0,224.0,220.5,221.0,49163788
2018-05-31,221.5,224.0,220.5,224.0,96069458
2018-06-01,224.5,226.5,224.0,224.0,27617994
2018-06-04,227.5,229.0,227.0,229.0,25959480
2018-06-05,230.0,230.0,226.5,229.0,26534884
2018-06-06,229.0,230.0,227.0,230.0,24767441
2018-06-07,231.0,231.5,228.0,230.0,24958266
2018-06-08,229.0,229.0,226.0,227.0,23548851
2018-06-11,226.5,227.0,225.0,226.0,21696933
2018-06-12,225.0,229.0,224.0,229.0,29501260
2018-06-13,229.0,232.0,228.0,232.0,28944970
2018-06-14,230.0,230.0,226.5,226.5,33408041
2018-06-15,225.0,231.0,224.0,231.0,48059679
2018-06-19,225.5,226.0,224.0,225.0,56889624
2018-06-20,224.5,227.5,223.5,226.0,40708701
2018-06-21,227.5,228.0,226.0,226.5,31242557
2018-06-22,224.5,227.5,224.0,227.5,43581409
2018-06-25,220.0,220.5,218.0,218.0,45025211
2018-06-26,215.5,216.0,212.5,214.5,38446346
2018-06-27,216.0,216.0,212.5,213.0,39888414
2018-06-28,211.0,214.5,210.0,212.0,37940780
2018-06-29,212.0,217.0,212.0,216.5,34313680
2018-07-02,218.5,219.0,214.0,214.0,32449442
2018-07-03,215.5,218.0,213.5,214.5,28323220
2018-07-04,217.0,217.5,215.5,216.0,15212295
2018-07-05,214.0,215.0,213.0,214.5,18225416
2018-07-06,217.5,217.5,215.0,217.0,29033762
2018-07-09,219.5,223.0,218.5,221.5,38734793
2018-07-10,223.0,224.0,222.0,222.0,20118957
2018-07-11,220.0,220.0,218.0,220.0,19854690
2018-07-12,218.0,222.0,218.0,220.5,23666051
2018-07-13,222.5,224.5,222.5,224.5,29716311
2018-07-16,224.5,225.0,223.5,223.5,15819254
2018-07-17,222.5,223.5,221.0,221.5,21548436
2018-07-18,223.0,224.0,222.0,223.0,39898658
2018-07-19,225.5,227.0,224.5,224.5,39661216
2018-07-20,235.0,237.5,233.0,237.5,97969023
2018-07-23,239.0,245.0,238.5,241.0,52256877
2018-07-24,240.0,241.5,238.5,241.0,27239267
2018-07-25,239.0,241.0,239.0,240.5,20962512
2018-07-26,241.0,242.5,239.5,241.0,30606388
2018-07-27,242.0,244.5,241.0,244.5,27129646
2018-07-30,244.5,245.5,244.0,245.5,22788730
2018-07-31,243.5,246.0,242.0,246.0,27059442
2018-08-01,247.0,248.0,246.5,248.0,29136161
2018-08-02,249.0,249.5,243.5,244.5,22402110
2018-08-03,246.0,248.0,245.0,247.0,24719097
2018-08-06,245.0,247.0,244.0,245.5,22364568
2018-08-07,245.0,245.5,241.5,241.5,23992418
2018-08-08,245.0,247.5,244.5,247.5,24382432
2018-08-09,247.0,248.0,246.0,247.0,15128655
2018-08-10,246.5,247.0,244.5,245.0,15890492
2018-08-13,241.5,243.0,239.0,240.5,17881194
2018-08-14,245.0,245.0,242.5,243.5,17358913
2018-08-15,244.5,244.5,239.5,241.5,18473321
2018-08-16,238.0,241.5,238.0,239.0,19155966
2018-08-17,239.5,241.0,239.0,239.5,18324474
2018-08-20,239.5,240.0,238.0,239.5,16933437
2018-08-21,239.0,241.0,238.5,241.0,12014127
2018-08-22,241.5,242.5,240.5,242.0,12614240
2018-08-23,243.0,244.5,243.0,244.5,14839240
2018-08-24,245.5,246.0,243.0,243.5,14355943
2018-08-27,246.0,246.5,244.5,245.0,15152299
2018-08-28,248.5,250.0,248.0,249.5,36792531
2018-08-29,253.5,259.0,253.5,259.0,56993182
2018-08-30,264.5,268.0,262.5,263.5,48957808
2018-08-31,257.5,259.0,254.0,256.0,69069506
2018-09-03,259.0,260.0,256.5,257.0,26720905
2018-09-04,258.5,259.5,255.5,257.5,34304615
2018-09-05,260.0,264.5,259.0,264.0,44864459
2018-09-06,268.0,268.0,261.0,261.0,35698488
2018-09-07,263.0,264.0,260.5,264.0,38663728
2018-09-10,266.5,266.5,262.5,264.5,41659795
2018-09-11,263.0,263.5,258.0,260.0,34350276
2018-09-12,261.0,262.0,258.0,260.5,37885965
2018-09-13,260.0,260.0,253.5,255.0,37576180
2018-09-14,257.0,261.5,257.0,261.0,37903219
2018-09-17,262.5,262.5,257.0,258.0,24765758
2018-09-18,256.5,257.0,254.0,254.5,33960152
2018-09-19,258.0,260.0,257.0,258.0,59227711
2018-09-20,261.5,261.5,257.5,260.0,29649071
2018-09-21,261.5,261.5,258.0,261.5,35012974
2018-09-25,261.5,264.0,260.5,263.5,24397062
2018-09-26,263.0,263.5,261.0,263.5,24859115
2018-09-27,264.0,266.0,262.0,265.0,38495371
2018-09-28,266.0,266.0,260.0,262.5,39626486
2018-10-01,262.0,264.0,261.0,263.0,22254380
2018-10-02,262.0,263.0,257.0,257.5,38391491
2018-10-03,257.5,260.0,257.0,260.0,25228536
2018-10-04,257.0,257.5,254.0,254.0,36408727
2018-10-05,250.0,253.0,248.5,250.0,40204660
2018-10-08,245.5,246.5,241.0,243.5,50876958
2018-10-09,243.5,245.0,242.0,244.0,28905345
2018-10-11,233.5,233.5,227.0,227.5,94589657
2018-10-12,231.0,237.0,229.0,237.0,47175769
2018-10-15,234.0,234.0,230.5,230.5,42168280
2018-10-16,229.5,237.0,229.0,237.0,37818077
2018-10-17,241.5,243.0,238.0,238.5,42494858
2018-10-18,238.0,239.0,235.5,236.5,25676430
2018-10-19,231.0,236.5,230.0,236.0,28358460
2018-10-22,232.5,238.0,231.5,237.0,29275777
2018-10-23,232.0,234.0,230.0,230.0,32827745
2018-10-24,230.0,231.0,227.0,229.5,44321950
2018-10-25,220.5,222.0,219.5,219.5,75524118
2018-10-26,223.0,224.0,217.0,221.0,38439644
2018-10-29,223.0,224.0,221.0,222.5,18463792
2018-10-30,221.0,225.0,220.5,223.0,28877931
2018-10-31,228.0,234.0,228.0,234.0,57283201
2018-11-01,236.0,237.0,233.0,235.5,41974797
2018-11-02,236.5,236.5,233.5,236.5,30722361
2018-11-05,233.0,235.5,232.0,235.0,25452065
2018-11-06,234.0,235.5,232.5,234.5,30468176
2018-11-07,233.0,236.0,232.5,234.0,34424652
2018-11-08,237.5,237.5,236.0,236.5,24739146
2018-11-09,234.5,234.5,231.0,231.0,23219081
2018-11-12,230.0,234.5,230.0,231.5,23228445
2018-11-13,224.5,228.0,224.5,227.5,36104127
2018-11-14,230.0,231.0,228.5,228.5,20028279
2018-11-15,229.5,232.0,228.5,231.0,22072228
2018-11-16,229.0,229.0,225.0,226.0,46738909
2018-11-19,225.0,225.0,221.0,222.0,48944754
2018-11-20,219.0,220.5,218.0,218.0,41569756
2018-11-21,214.5,220.0,214.0,219.0,35206343
2018-11-22,221.5,222.0,219.0,219.0,21929610
2018-11-23,220.5,220.5,217.0,218.5,14883334
2018-11-26,219.0,224.0,218.5,223.0,30599804
2018-11-27,220.0,224.5,219.0,224.0,26584349
2018-11-28,222.5,227.0,222.0,226.5,24429026
2018-11-29,231.5,231.5,229.0,229.0,44383207
2018-11-30,229.5,231.0,225.5,225.5,55827957
2018-12-03,231.0,235.0,231.0,235.0,45333986
2018-12-04,233.0,234.5,231.0,234.0,39746162
2018-12-05,226.5,227.5,225.0,226.0,42835576
2018-12-06,220.0,222.0,219.5,220.0,40149112
2018-12-07,222.5,223.5,220.5,221.0,25063568
2018-12-10,219.5,220.0,218.5,219.0,19433461
2018-12-11,220.0,223.0,219.0,222.5,27375220
2018-12-12,223.5,227.0,222.5,226.5,26433846
2018-12-13,227.0,227.5,225.0,226.0,32087141
2018-12-14,223.0,223.5,220.5,222.5,38646159
2018-12-17,221.0,225.0,220.0,223.5,18938952
2018-12-18,221.0,223.0,220.5,222.5,30203541
2018-12-19,222.0,225.5,222.0,225.5,23390082
2018-12-20,221.0,222.5,221.0,221.0,35027116
2018-12-21,219.0,224.0,219.0,223.5,43507532
2018-12-24,221.5,221.5,219.5,220.0,22976100
2018-12-25,215.5,218.0,215.0,217.5,19402777
2018-12-26,218.5,219.5,216.0,216.5,16463259
2018-12-27,222.0,224.0,220.5,223.0,21491484
2018-12-28,223.5,225.5,222.5,225.5,29456773
2019-01-02,226.5,226.5,219.0,219.5,32900482
2019-01-03,214.0,218.0,214.0,215.5,34087620
2019-01-04,211.5,211.5,206.5,208.0,65943521
2019-01-07,212.0,214.0,211.0,213.0,35442176
2019-01-08,212.0,212.5,210.0,211.0,22694481
2019-01-09,212.0,216.5,211.0,215.5,46295446
2019-01-10,216.0,216.5,214.5,216.0,20754593
2019-01-11,219.0,220.5,218.0,220.5,28102288
2019-01-14,218.5,220.0,217.0,218.5,17612296
2019-01-15,216.5,221.0,215.5,221.0,38882923
2019-01-16,218.5,220.0,217.5,217.5,28978282
2019-01-17,218.0,221.0,218.0,220.5,21163986
2019-01-18,219.0,220.0,217.5,218.5,49627569
2019-01-21,220.0,223.0,220.0,221.0,29384866
2019-01-22,220.0,223.0,219.0,223.0,28926483
2019-01-23,221.5,222.0,220.0,220.5,16671213
2019-01-24,222.5,222.5,220.5,222.5,26417924
2019-01-25,226.5,227.0,225.0,226.0,46692764
2019-01-28,229.5,229.5,228.0,229.0,26026257
2019-01-29,222.5,225.0,222.0,222.5,41122520
2019-01-30,220.5,221.5,220.0,221.0,44755945
2019-02-11,228.0,229.0,226.5,228.0,78307106
2019-02-12,230.0,230.0,229.0,230.0,29406670
2019-02-13,232.0,232.0,228.5,229.0,28634925
2019-02-14,229.5,230.0,226.0,227.0,23647751
2019-02-15,229.0,229.0,226.5,227.0,22369799
2019-02-18,229.0,230.5,228.5,230.0,16978916
2019-02-19,230.0,230.5,229.0,229.0,16577023
2019-02-20,231.5,234.5,231.0,234.5,30479710
2019-02-21,235.5,236.5,234.5,236.5,33764489
2019-02-22,235.5,236.5,234.0,236.5,22032163
2019-02-25,237.5,239.0,236.0,238.0,24105138
2019-02-26,239.0,240.0,236.5,239.5,24522789
2019-02-27,238.5,239.5,237.0,239.0,35240889
2019-03-04,239.5,239.5,234.5,235.5,39655513
2019-03-05,234.0,234.5,232.5,233.0,22641407
2019-03-06,235.0,235.5,233.5,234.0,20433226
2019-03-07,235.0,235.0,233.0,234.0,17126192
2019-03-08,231.0,231.5,229.0,230.0,22190659
2019-03-11,228.0,230.5,227.5,230.5,23200793
2019-03-12,233.0,237.0,232.5,235.5,23588085
2019-03-13,234.0,237.0,234.0,237.0,20500195
2019-03-14,239.0,239.0,234.0,234.5,17175356
2019-03-15,237.0,239.5,235.5,239.0,33649729
2019-03-18,239.5,241.0,239.0,241.0,26856532
2019-03-19,239.0,240.5,238.0,240.5,14479009
2019-03-20,242.0,242.0,239.5,242.0,22975971
2019-03-21,242.5,245.5,241.0,245.5,26179502
2019-03-22,248.0,248.5,244.5,248.5,22931467
2019-03-25,240.5,243.5,240.5,241.5,19211254
2019-03-26,243.0,244.0,241.0,244.0,19920170
2019-03-27,242.0,242.5,240.5,241.5,22590089
2019-03-28,240.5,242.5,240.0,242.0,13933054
2019-03-29,243.0,245.5,240.5,245.5,28220810
2019-04-01,251.0,251.0,245.0,245.5,35330656
2019-04-02,249.5,249.5,246.0,246.0,24105053
2019-04-03,249.0,249.0,246.5,246.5,24945323
2019-04-08,251.0,253.0,250.5,253.0,45184821
2019-04-09,253.0,254.0,252.0,254.0,22355674
2019-04-10,253.0,254.5,252.0,254.0,25849934
2019-04-11,253.0,254.0,251.5,252.0,24896840
2019-04-12,251.5,253.0,251.0,252.0,13548148
2019-04-15,255.0,256.0,254.0,255.5,17192002
2019-04-16,257.0,257.0,255.5,257.0,19652648
2019-04-17,260.0,263.0,259.5,261.5,37864191
2019-04-18,264.0,266.0,263.5,264.5,38006795
2019-04-19,269.0,269.5,263.5,264.5,44658699
2019-04-22,266.5,267.5,265.0,266.0,24967393
2019-04-23,266.5,268.0,266.0,268.0,25336847
2019-04-24,270.0,270.0,267.5,269.0,26449755
2019-04-25,268.5,269.0,267.0,267.5,32386724
2019-04-26,262.0,263.0,257.5,260.0,47518804
2019-04-29,260.0,262.0,258.5,259.5,31126618
2019-04-30,260.0,260.5,258.0,259.0,33799419
2019-05-02,261.5,262.5,258.5,259.0,27091394
2019-05-03,262.0,265.0,260.5,265.0,29840246
2019-05-06,260.0,260.0,258.0,259.0,32823187
2019-05-07,259.5,263.0,259.0,262.5,25686126
2019-05-08,260.0,261.5,259.5,260.0,25542364
2019-05-09,259.5,259.5,256.0,256.5,33587574
2019-05-10,257.0,259.0,255.0,256.0,18617212
2019-05-13,253.0,254.0,249.5,250.5,28284535
2019-05-14,247.5,251.0,245.0,248.5,45055708
2019-05-15,251.0,252.0,249.0,249.0,36825479
2019-05-16,248.5,249.5,246.0,247.0,29713519
2019-05-17,249.0,249.0,241.5,241.5,38647856
2019-05-20,242.5,243.0,238.0,238.0,39157661
2019-05-21,233.5,236.0,232.5,234.0,80042775
2019-05-22,236.5,240.5,235.5,238.0,34622034
2019-05-23,233.5,233.5,230.0,230.0,58752627
2019-05-24,230.0,234.0,230.0,233.0,36000789
2019-05-27,234.0,235.0,231.0,231.0,35562033
2019-05-28,232.0,232.0,230.5,230.5,95240033
2019-05-29,228.0,230.5,227.0,229.5,26533236
2019-05-30,230.0,231.5,229.0,231.0,28500328
2019-05-31,232.0,237.5,231.0,235.5,46070338
2019-06-03,235.5,238.5,232.0,238.0,31054092
2019-06-04,237.5,238.0,233.0,233.0,24443428
2019-06-05,238.0,238.0,234.0,235.0,29139584
2019-06-06,231.5,232.0,229.5,232.0,34651731
2019-06-10,237.5,240.0,234.5,240.0,35373888
2019-06-11,240.0,246.0,239.0,244.5,31965670
2019-06-12,244.5,247.5,243.0,246.0,29675556
2019-06-13,242.5,244.0,240.0,240.0,32981724
2019-06-14,238.5,239.5,236.0,236.0,31951556
2019-06-17,231.5,235.0,230.5,233.0,51017012
2019-06-18,234.0,235.5,233.0,235.5,28578087
2019-06-19,242.5,244.0,240.5,244.0,50164372
2019-06-20,242.0,245.5,241.0,245.0,37836291
2019-06-21,248.0,248.5,246.0,248.5,61164304
2019-06-24,241.0,242.0,240.0,241.0,43300507
2019-06-25,241.0,241.5,237.0,238.5,28559283
2019-06-26,235.0,236.5,234.0,234.5,27607041
2019-06-27,236.0,241.5,236.0,240.5,42007834
2019-06-28,241.5,241.5,238.0,239.0,25962203
2019-07-01,245.5,250.0,245.0,248.5,66307875
2019-07-02,249.5,250.0,247.5,249.0,24181202
2019-07-03,244.0,245.0,242.0,242.5,29449774
2019-07-04,244.5,245.0,242.5,244.0,17481240
2019-07-05,244.5,245.0,241.5,243.0,22867074
2019-07-08,240.0,244.5,240.0,242.5,27787909
2019-07-09,241.5,243.0,240.5,242.0,16418987
2019-07-10,243.0,247.0,243.0,247.0,23812131
2019-07-11,250.0,250.0,247.5,250.0,31160289
2019-07-12,252.0,252.0,249.5,250.5,23479432
2019-07-15,251.0,254.5,249.5,254.5,29727300
2019-07-16,254.0,256.5,253.5,256.0,21361249
2019-07-17,254.0,254.0,251.0,252.0,25573648
2019-07-18,252.0,254.5,251.5,254.0,20842575
2019-07-19,259.5,261.0,259.0,259.0,59709798
2019-07-22,263.0,264.0,262.0,264.0,31522639
2019-07-23,265.5,266.5,262.5,264.0,29273223
2019-07-24,266.5,266.5,263.0,265.0,23734039
2019-07-25,264.0,265.0,261.5,265.0,30433545
2019-07-26,261.0,262.5,261.0,261.0,20438071
2019-07-29,260.0,262.0,259.5,261.0,17509320
2019-07-30,262.5,263.0,260.0,260.0,22670612
2019-07-31,260.0,260.0,257.0,259.5,31635601
2019-08-01,257.5,257.5,255.5,256.5,30017526
2019-08-02,252.0,253.5,250.5,251.5,54021644
2019-08-05,251.0,252.0,245.5,246.5,51535721
2019-08-06,240.0,250.0,240.0,248.5,58625879
2019-08-07,250.0,250.5,246.5,248.0,29435460
2019-08-08,248.0,254.0,248.0,253.5,29725266
2019-08-12,254.5,254.5,251.0,251.0,21794603
2019-08-13,249.0,249.5,246.5,246.5,23121107
2019-08-14,252.5,254.0,249.5,249.5,35216703
2019-08-15,247.0,248.5,246.0,248.0,27624412
2019-08-16,249.5,252.0,248.0,250.0,25370715
2019-08-19,251.5,253.0,250.5,252.0,24060514
2019-08-20,254.0,254.5,252.5,254.5,19960494
2019-08-21,254.5,255.0,253.0,254.5,20269296
2019-08-22,257.0,257.5,254.0,254.0,21900840
2019-08-23,253.5,254.5,253.0,254.0,14166877
2019-08-26,249.0,250.5,248.5,248.5,31678620
2019-08-27,250.5,251.0,248.5,250.0,50234951
2019-08-28,250.5,253.0,250.5,252.0,15132882
2019-08-29,253.0,254.0,251.0,254.0,19587767
2019-08-30,256.5,259.0,256.0,259.0,35184201
2019-09-02,258.0,258.0,256.0,257.5,14614854
2019-09-03,256.5,258.0,253.0,254.0,25762495
2019-09-04,254.0,258.0,254.0,257.5,22540733
2019-09-05,263.0,263.0,260.5,263.0,48791728
2019-09-06,265.0,265.0,263.0,263.5,25408515
2019-09-10,263.5,264.0,260.5,261.5,29308866
2019-09-11,264.0,264.5,260.5,263.0,36196015
2019-09-12,265.0,265.0,261.5,262.5,26017293
2019-09-16,262.0,265.5,261.5,265.5,32573966
2019-09-17,266.5,266.5,264.5,265.0,27600844
2019-09-18,267.0,269.5,266.5,267.0,47684759
2019-09-19,268.0,268.0,264.0,265.0,25233567
2019-09-20,266.0,266.5,264.0,264.0,43868865
2019-09-23,264.0,264.0,263.0,264.0,13093208
2019-09-24,263.5,265.5,262.0,265.0,24244943
2019-09-25,262.5,266.0,262.0,266.0,21003163
2019-09-26,269.0,269.5,266.5,268.0,29940103
2019-09-27,271.5,272.5,271.0,272.0,41235817
2019-10-01,273.0,280.5,273.0,280.0,71743890
2019-10-02,280.0,281.0,279.0,279.5,29295953
2019-10-03,274.0,277.5,274.0,276.5,31890864
2019-10-04,279.5,280.0,275.0,276.5,35169613
2019-10-07,279.0,279.5,277.5,278.0,17510230
2019-10-08,283.5,286.5,282.5,286.5,35278551
2019-10-09,283.5,286.0,282.0,282.0,34777456
2019-10-14,291.5,291.5,288.5,290.0,46683517
2019-10-15,293.5,296.0,292.0,293.5,38018567
2019-10-16,298.0,298.0,293.5,296.5,40297144
2019-10-17,295.0,295.5,292.0,293.5,40271938
2019-10-18,293.0,295.5,291.0,293.0,45102984
2019-10-21,291.0,291.0,288.5,290.0,34634365
2019-10-22,292.5,294.0,291.5,294.0,26005020
2019-10-23,293.5,293.5,290.5,293.0,28675408
2019-10-24,294.5,294.5,291.0,293.0,29040827
2019-10-25,294.5,294.5,292.5,293.5,22682711
2019-10-28,295.0,295.5,294.0,294.5,20076561
2019-10-29,297.0,298.5,296.5,298.5,36682131
2019-10-30,298.5,299.5,296.5,299.5,32370342
2019-10-31,300.0,301.5,298.5,298.5,40944514
2019-11-01,299.5,299.5,296.5,299.0,30121678
2019-11-04,302.5,308.0,301.0,307.0,44899671
2019-11-05,307.5,310.5,307.0,310.5,32201184
2019-11-06,309.0,311.5,308.0,311.0,22149743
2019-11-07,310.0,310.0,306.5,309.0,28291659
2019-11-08,308.5,309.0,305.5,305.5,25651542
2019-11-11,305.0,305.0,300.0,301.0,35165583
2019-11-12,302.5,305.0,302.0,305.0,17540708
2019-11-13,303.0,304.0,301.5,304.0,18172438
2019-11-14,304.5,305.0,302.0,303.5,15734835
2019-11-15,305.5,307.5,304.5,307.0,28848445
2019-11-18,308.5,311.0,307.0,311.0,18691325
2019-11-19,312.5,315.0,311.0,315.0,31634197
2019-11-20,314.0,314.0,312.0,313.5,22387973
2019-11-21,309.5,311.0,307.0,311.0,28108833
2019-11-22,310.0,310.5,308.0,309.0,24737984
2019-11-25,310.5,310.5,307.0,307.0,19530177
2019-11-26,310.0,310.5,307.0,307.0,101224622
2019-11-27,307.5,311.5,307.5,311.0,18467648
2019-11-28,310.0,312.0,308.5,309.5,19077982
2019-11-29,309.0,309.5,305.0,305.0,30963561
2019-12-02,307.0,308.0,306.5,307.5,24016807
2019-12-03,305.0,307.0,305.0,307.0,24690319
2019-12-04,305.0,306.0,304.0,306.0,25492686
2019-12-05,309.0,312.0,309.0,312.0,34521842
2019-12-06,315.0,316.0,311.0,313.0,17695703
2019-12-09,314.0,316.5,314.0,316.0,23256081
2019-12-10,315.0,315.5,312.5,313.5,20570594
2019-12-11,314.0,319.0,313.0,319.0,31223148
2019-12-12,325.0,334.5,324.0,331.5,52742851
2019-12-13,340.0,343.0,338.0,339.0,58198939
2019-12-16,336.5,338.5,336.0,336.0,102188
2019-12-17,335.0,345.0,335.0,345.0,40813458
2019-12-18,341.5,345.0,341.5,344.5,39682841
2019-12-19,340.0,342.0,335.0,335.0,54888012
2019-12-20,332.0,333.0,328.5,329.0,86280459
2019-12-23,329.5,334.0,329.5,334.0,26639340
2019-12-24,334.0,334.5,332.0,332.0,13488907
2019-12-25,332.0,334.5,331.0,333.0,12262954
2019-12-26,333.0,334.0,331.5,333.0,11427884
2019-12-27,335.0,338.0,335.0,338.0,16677806
2019-12-30,338.0,339.0,334.0,334.5,21531263
2019-12-31,331.0,333.5,331.0,331.0,22890517
2020-01-02,332.5,339.0,332.5,339.0,31754120
2020-01-03,344.0,345.0,335.5,339.5,41811268
2020-01-06,333.0,334.5,332.0,332.0,45343057
2020-01-07,332.5,333.0,326.5,329.5,50879181
2020-01-08,325.0,333.0,325.0,329.5,37567748
2020-01-09,335.0,337.5,333.5,337.5,31481504
2020-01-10,340.5,341.0,336.0,339.5,27032115
2020-01-13,342.0,342.0,339.0,341.5,30663332
2020-01-14,345.5,346.0,344.5,346.0,30223993
2020-01-15,345.0,345.0,337.5,340.0,47434274
2020-01-16,330.0,336.5,330.0,334.5,55211420
2020-01-17,334.0,335.5,332.0,333.0,52060097
2020-01-20,334.0,335.5,333.0,333.0,32658203
2020-01-30,326.0,326.0,316.5,316.5,125451049
2020-01-31,323.0,323.5,319.0,320.0,62526055
2020-02-03,315.0,316.5,312.0,315.0,59560849
2020-02-04,336.5,337.0,325.0,325.0,51890496
2020-02-05,329.0,329.5,324.5,327.5,36601453
2020-02-06,329.5,332.5,329.0,332.5,29267094
2020-02-07,330.0,330.5,326.0,328.0,28798327
2020-02-10,321.5,328.0,321.0,327.5,30632424
2020-02-11,330.5,332.5,330.0,331.5,27524935
2020-02-12,333.5,336.0,333.0,335.0,37612639
2020-02-13,338.0,338.0,335.0,335.0,22757021
2020-02-14,337.0,337.0,334.5,335.0,16933683
2020-02-17,331.5,333.0,330.5,331.5,15937079
2020-02-18,324.5,326.5,322.0,322.0,61825604
2020-02-19,322.5,327.0,322.0,326.5,38781218
2020-02-20,328.0,329.0,325.0,325.5,27011736
2020-02-21,325.5,326.5,323.0,325.0,22813534
2020-02-24,319.5,321.5,319.5,320.0,41693680
2020-02-25,320.0,323.5,317.5,322.0,36195011
2020-02-26,317.0,320.5,316.5,318.5,60479362
2020-02-27,319.0,320.0,315.0,316.0,61250927
2020-03-02,308.0,317.0,308.0,311.0,79912942
2020-03-03,318.5,320.0,316.0,317.5,49679411
2020-03-04,322.0,322.0,317.0,320.5,42941146
2020-03-05,325.0,326.0,323.0,323.0,37861525
2020-03-06,320.0,320.5,315.0,315.0,51546760
2020-03-09,307.5,310.0,305.5,305.5,87871277
2020-03-10,301.5,309.0,301.0,307.0,71950130
2020-03-11,309.0,310.5,302.0,302.0,62216710
2020-03-12,299.0,299.0,287.0,294.0,113527351
2020-03-13,275.0,294.0,272.5,290.0,149995148
2020-03-16,285.0,291.0,275.5,276.5,103873228
2020-03-17,265.0,276.5,265.0,268.0,121323651
2020-03-18,269.5,272.5,260.0,260.0,117437643
2020-03-19,252.0,253.0,235.5,248.0,160811697
2020-03-20,258.5,270.0,256.0,270.0,157664726
2020-03-23,257.0,262.5,252.0,255.0,76466709
2020-03-24,268.0,274.0,266.0,267.5,81952933
2020-03-25,276.5,280.0,274.0,277.0,79447199
2020-03-26,279.5,280.0,275.5,280.0,52845633
2020-03-27,284.0,286.0,273.0,273.0,68752306
2020-03-30,263.5,269.0,262.5,267.5,49159956
2020-03-31,273.0,274.0,269.5,274.0,48837923
2020-04-01,276.5,276.5,271.5,271.5,44515034
2020-04-06,273.0,275.5,270.0,275.5,56392754
2020-04-07,283.5,284.0,280.5,283.0,48787346
2020-04-08,285.0,285.5,283.0,285.0,37912826
2020-04-09,287.5,288.0,282.5,283.0,27620430
2020-04-10,280.0,282.0,279.0,279.5,27252858
2020-04-13,278.5,281.5,278.5,278.5,22196596
2020-04-14,281.0,285.5,280.0,285.0,48809688
2020-04-15,287.0,288.5,286.0,287.5,55216434
2020-04-16,283.0,288.5,283.0,286.5,47815280
2020-04-17,303.5,308.5,300.5,306.5,116368201
2020-04-20,308.0,309.0,302.5,304.0,41381669
2020-04-21,300.5,301.5,293.5,295.0,61479357
2020-04-22,294.5,295.0,290.5,294.0,42192580
2020-04-23,300.0,300.0,294.0,295.5,39474478
2020-04-24,295.5,297.0,294.0,294.0,26008090
2020-04-27,298.0,298.5,296.0,298.0,38493406
2020-04-28,298.5,298.5,294.5,296.5,37395165
2020-04-29,299.0,301.5,298.0,299.0,44059301
2020-04-30,302.0,305.0,301.5,304.5,55126085
2020-05-04,294.5,296.5,294.0,295.0,71581861
2020-05-05,296.5,298.0,295.0,295.5,23547405
2020-05-06,294.5,296.0,292.5,296.0,34240479
2020-05-07,294.5,299.0,294.5,297.5,27621198
2020-05-08,300.0,300.0,296.0,297.5,32295893
2020-05-11,300.0,301.5,298.5,301.0,28727019
2020-05-12,297.5,298.5,295.0,295.0,52089788
2020-05-13,293.0,297.0,292.5,297.0,26156418
2020-05-14,293.0,295.0,292.5,293.0,34315948
2020-05-15,297.5,298.5,294.5,298.0,42494804
2020-05-18,291.0,293.5,290.0,290.0,84986065
2020-05-19,294.0,294.0,291.5,291.5,51250214
2020-05-20,293.0,294.0,291.0,294.0,32677994
2020-05-21,296.0,298.0,295.0,297.5,30997468
2020-05-22,294.5,295.0,291.0,292.0,40192923
2020-05-25,290.5,293.0,288.5,292.0,26803223
2020-05-26,295.0,297.5,293.5,295.5,33856481
2020-05-27,297.0,298.0,295.5,296.5,23375959
2020-05-28,298.5,298.5,293.0,294.0,28444568
2020-05-29,292.0,292.5,290.0,292.0,79774181
2020-06-01,294.0,296.5,293.5,295.5,35811214
2020-06-02,296.0,297.5,296.0,296.5,24771587
2020-06-03,300.0,301.0,298.0,301.0,65176337
2020-06-04,305.0,306.0,304.0,306.0,46572451
2020-06-05,308.5,312.0,308.0,311.5,42981262
2020-06-08,316.0,319.0,315.0,318.0,50302921
2020-06-09,316.5,319.0,314.0,319.0,36417082
2020-06-10,319.0,324.0,318.0,322.5,39984259
2020-06-11,325.5,327.0,318.5,320.5,50104255
2020-06-12,313.0,317.5,312.5,316.0,45992918
2020-06-15,316.0,317.5,308.5,309.5,51032404
2020-06-16,317.0,317.0,314.0,315.0,36608216
2020-06-17,316.5,317.0,313.5,315.0,34522968
2020-06-18,314.5,315.0,313.0,314.5,29044474
2020-06-19,314.0,314.5,312.0,314.5,48130280
2020-06-22,314.5,316.5,312.0,312.0,37374616
2020-06-23,316.0,316.5,312.5,315.0,41300084
2020-06-24,319.0,320.0,316.0,317.5,54147024
2020-06-29,314.0,315.0,310.0,312.0,56580892
2020-06-30,313.5,314.0,311.0,313.0,48991860
2020-07-01,315.0,318.0,314.0,317.5,29532342
2020-07-02,319.0,322.0,318.0,322.0,34526178
2020-07-03,327.0,330.5,326.5,329.5,53341987
2020-07-06,332.5,338.0,332.0,338.0,57256220
2020-07-07,343.5,346.0,338.0,338.5,59046323
2020-07-08,337.5,342.5,337.5,341.0,30720218
2020-07-09,346.0,347.0,343.0,345.0,35522376
2020-07-10,352.5,353.0,345.5,348.5,60902108
2020-07-13,351.0,354.5,350.5,354.5,48069523
2020-07-14,355.0,364.0,354.5,363.5,61764150
2020-07-15,366.0,370.0,361.0,363.0,73438362
2020-07-16,359.0,361.0,353.5,357.5,68220512
2020-07-17,361.0,369.0,360.0,367.0,65727485
2020-07-20,370.0,370.0,362.5,366.0,42769238
2020-07-21,372.5,387.0,371.5,383.0,64219128
2020-07-22,381.0,386.0,379.0,384.0,43759670
2020-07-23,382.0,383.0,379.0,381.5,45209282
2020-07-24,390.0,395.0,382.0,386.0,86682734
2020-07-27,420.5,424.5,416.5,424.5,99333798
2020-07-28,464.0,466.5,428.5,435.0,166307746
2020-07-29,428.0,431.5,419.5,422.0,85663166
2020-07-30,436.5,441.0,428.5,434.0,69293949
2020-07-31,426.0,432.0,425.5,425.5,49897674
2020-08-03,420.5,424.0,415.0,416.0,76429571
2020-08-04,421.5,425.5,418.5,425.5,41223445
2020-08-05,430.5,433.5,426.0,429.0,47223834
2020-08-06,437.5,438.0,431.0,435.0,41029627
2020-08-07,433.5,434.0,428.0,433.0,36589460
2020-08-10,427.5,437.5,427.5,435.5,36067500
2020-08-11,432.0,435.0,429.0,429.0,34545313
2020-08-12,422.0,423.5,419.0,419.0,52143474
2020-08-13,428.0,429.0,424.5,429.0,44352335
2020-08-14,424.0,428.0,423.0,427.0,23419955
2020-08-17,427.0,435.0,425.5,435.0,34137731
2020-08-18,440.0,440.5,432.0,433.0,41643160
2020-08-19,436.0,436.5,427.5,427.5,31486800
2020-08-20,427.0,427.5,401.0,415.0,75097235
2020-08-21,421.5,427.0,420.0,424.5,41609467
2020-08-24,427.5,434.5,425.0,428.0,48375406
2020-08-25,433.5,436.0,430.5,434.5,35977899
2020-08-26,435.5,442.0,435.0,442.0,39243340
2020-08-27,448.0,453.5,444.0,444.0,53072712
2020-08-28,440.0,440.5,431.0,435.0,56842210
2020-08-31,437.0,439.5,426.5,426.5,81480538
2020-09-01,430.0,435.0,428.0,435.0,37429577
2020-09-02,441.0,441.0,430.5,433.0,34871407
2020-09-03,439.5,439.5,433.5,436.0,34951617
2020-09-04,427.0,432.5,427.0,429.0,46119911
2020-09-07,428.0,432.5,425.0,426.0,32019312
2020-09-08,428.0,433.0,427.5,431.0,23714670
2020-09-09,425.0,428.0,423.0,427.0,40551362
2020-09-10,432.5,435.0,430.5,435.0,35098921
2020-09-11,435.5,436.5,432.5,436.5,34298469
2020-09-14,436.0,442.0,435.5,441.0,39085833
2020-09-15,440.5,447.0,439.5,445.0,39061449
2020-09-16,460.0,462.0,455.5,458.0,64261238
2020-09-17,453.0,455.0,446.5,448.5,42058506
2020-09-18,447.0,449.5,443.0,444.0,52454922
2020-09-21,443.5,450.0,440.0,440.0,39463920
2020-09-22,440.0,441.0,436.0,437.0,36130639
2020-09-23,436.0,438.5,432.0,433.5,45710963
2020-09-24,425.5,429.0,423.0,423.0,79806381
2020-09-25,427.0,428.0,421.0,424.0,38775269
2020-09-28,427.0,431.5,424.5,431.5,34156973
2020-09-29,432.5,435.0,428.0,431.0,32230502
2020-09-30,430.5,435.0,430.5,433.0,27334204
2020-10-05,438.0,438.0,431.5,432.5,32945832
2020-10-06,441.5,442.0,437.5,439.5,35775395
2020-10-07,435.0,445.0,435.0,443.0,42926239
2020-10-08,450.0,454.0,448.5,453.0,60853811
2020-10-12,458.0,462.0,457.5,460.0,64719223
2020-10-13,465.0,465.0,456.5,462.0,45750738
2020-10-14,460.5,461.0,457.0,459.0,40809241
2020-10-15,456.0,456.5,450.0,453.0,47775028
2020-10-16,451.0,456.0,448.5,449.0,46876801
2020-10-19,453.0,457.5,451.0,457.5,34470906
2020-10-20,455.5,457.0,451.0,451.0,25205638
2020-10-21,453.5,456.0,451.0,453.0,28058921
2020-10-22,450.0,455.0,449.5,455.0,23438547
2020-10-23,458.0,458.0,451.5,452.0,18777385
2020-10-26,455.0,455.0,450.0,450.0,15059581
2020-10-27,447.5,448.5,445.5,447.0,20117660
2020-10-28,445.0,447.0,443.0,444.0,24710230
2020-10-29,436.5,439.5,435.5,437.0,41285612
2020-10-30,437.0,437.0,432.0,432.0,47668895
2020-11-02,433.0,435.5,428.0,435.5,33477443
2020-11-03,439.5,443.0,438.0,441.0,30328495
2020-11-04,444.5,451.5,443.0,450.0,37512790
2020-11-05,451.5,451.5,445.5,451.0,34886108
2020-11-06,455.0,455.5,450.0,452.5,30154140
2020-11-09,458.0,460.0,454.0,458.5,39245881
2020-11-10,452.0,454.5,448.5,451.0,34820499
2020-11-11,448.5,457.0,448.5,457.0,36765561
2020-11-12,463.0,463.5,457.5,458.0,40100880
2020-11-13,459.0,462.0,456.5,462.0,31037438
2020-11-16,470.0,484.5,469.0,484.0,81994937
2020-11-17,502.0,506.0,485.5,485.5,72413868
2020-11-18,490.0,497.0,486.5,497.0,50387727
2020-11-19,499.0,499.0,490.0,490.0,44220053
2020-11-20,486.0,490.0,486.0,488.0,32281453
2020-11-23,494.5,498.5,492.0,496.5,38084006
2020-11-24,499.5,500.0,491.5,492.0,35479226
2020-11-25,495.0,495.5,487.0,487.0,41419632
2020-11-26,489.0,493.5,488.0,489.0,28893033
2020-11-27,487.5,492.0,486.5,489.0,32960189
2020-11-30,493.0,493.5,480.5,480.5,119895176
2020-12-01,489.5,490.0,483.5,490.0,37018651
2020-12-02,499.5,500.0,493.5,499.0,50621339
2020-12-03,499.5,499.5,495.0,497.0,35651379
2020-12-04,498.5,505.0,497.5,503.0,51172005
2020-12-07,512.0,515.0,506.0,514.0,44271244
2020-12-08,514.0,525.0,509.0,524.0,40771761
2020-12-09,521.0,524.0,520.0,520.0,43314115
2020-12-10,511.0,515.0,510.0,512.0,42556926
2020-12-11,517.0,517.0,505.0,516.0,45660960
2020-12-14,512.0,513.0,508.0,508.0,30260485
2020-12-15,507.0,510.0,504.0,504.0,39852366
2020-12-16,509.0,515.0,507.0,512.0,52012348
2020-12-17,515.0,515.0,508.0,508.0,38215179
2020-12-18,508.0,512.0,507.0,510.0,39924864
2020-12-21,512.0,517.0,508.0,516.0,34813281
2020-12-22,512.0,516.0,509.0,509.0,22454277
2020-12-23,508.0,511.0,506.0,509.0,18086715
2020-12-24,511.0,512.0,508.0,510.0,14950143
2020-12-25,514.0,515.0,510.0,511.0,12327895
2020-12-28,512.0,515.0,509.0,515.0,19087382
2020-12-29,515.0,517.0,513.0,515.0,19907528
2020-12-30,516.0,525.0,514.0,525.0,46292401
2020-12-31,526.0,530.0,524.0,530.0,29970398
2021-01-04,530.0,540.0,528.0,536.0,38770328
2021-01-05,536.0,542.0,535.0,542.0,34411866
2021-01-06,555.0,555.0,541.0,549.0,53030554
2021-01-07,554.0,570.0,553.0,565.0,51166782
2021-01-08,580.0,580.0,571.0,580.0,59563555
2021-01-11,577.0,584.0,574.0,584.0,48810990
2021-01-12,583.0,597.0,582.0,591.0,50232426
2021-01-13,595.0,605.0,593.0,605.0,62662393
2021-01-14,587.0,597.0,587.0,592.0,75288477
2021-01-15,621.0,625.0,601.0,601.0,92010500
2021-01-18,608.0,608.0,594.0,607.0,45726476
2021-01-19,618.0,632.0,613.0,627.0,50672866
2021-01-20,633.0,650.0,631.0,647.0,82066422
2021-01-21,640.0,679.0,640.0,673.0,89019137
2021-01-22,649.0,665.0,649.0,649.0,125179403
2021-01-25,642.0,646.0,626.0,633.0,93050133
2021-01-26,632.0,640.0,610.0,617.0,100153482
2021-01-27,618.0,625.0,611.0,615.0,59985191
2021-01-28,600.0,608.0,598.0,601.0,96447533
2021-01-29,619.0,619.0,591.0,591.0,90745237
2021-02-01,595.0,612.0,587.0,611.0,67462398
2021-02-02,629.0,638.0,622.0,632.0,78429188
2021-02-03,638.0,642.0,630.0,630.0,48738970
2021-02-04,626.0,632.0,620.0,627.0,46371900
2021-02-05,638.0,641.0,631.0,632.0,53267273
2021-02-17,663.0,668.0,660.0,663.0,107614290
2021-02-18,664.0,665.0,656.0,660.0,53109010
2021-02-19,656.0,657.0,647.0,652.0,50279585
2021-02-22,660.0,662.0,650.0,650.0,36474610
2021-02-23,641.0,643.0,633.0,641.0,50076333
2021-02-24,627.0,636.0,625.0,625.0,66206750
2021-02-25,636.0,636.0,628.0,635.0,43231417
2021-02-26,611.0,618.0,606.0,606.0,111861175
2021-03-02,621.0,622.0,609.0,609.0,54041533
2021-03-03,609.0,622.0,601.0,622.0,48252965
2021-03-04,609.0,611.0,601.0,601.0,67711962
2021-03-05,588.0,605.0,584.0,601.0,79918467
2021-03-08,608.0,610.0,598.0,598.0,43219772
2021-03-09,585.0,595.0,585.0,595.0,68768861
2021-03-10,601.0,601.0,593.0,597.0,40146301
2021-03-11,596.0,612.0,595.0,609.0,54416046
2021-03-12,615.0,618.0,609.0,614.0,33168846
2021-03-15,614.0,614.0,609.0,611.0,27416758
2021-03-16,610.0,613.0,607.0,613.0,36949425
2021-03-17,612.0,612.0,602.0,604.0,39517807
2021-03-18,606.0,609.0,602.0,602.0,29415526
2021-03-19,594.0,598.0,591.0,591.0,70866028
2021-03-22,588.0,598.0,586.0,593.0,34089033
2021-03-23,597.0,603.0,593.0,594.0,29374037
2021-03-24,571.0,582.0,571.0,576.0,107253959
2021-03-25,572.0,581.0,570.0,575.0,67833354
2021-03-26,582.0,592.0,580.0,590.0,36829858
2021-03-29,599.0,602.0,596.0,599.0,37884733
2021-03-30,600.0,600.0,592.0,597.0,33099123
2021-03-31,596.0,597.0,587.0,587.0,38790886
2021-04-01,598.0,602.0,594.0,602.0,43091157
2021-04-07,614.0,614.0,608.0,610.0,24603109
2021-04-08,606.0,613.0,603.0,613.0,23976625
2021-04-09,618.0,618.0,609.0,610.0,27303862
2021-04-12,612.0,613.0,603.0,605.0,22606128
2021-04-13,604.0,613.0,604.0,605.0,25971622
2021-04-14,608.0,612.0,600.0,612.0,30077913
2021-04-15,612.0,619.0,607.0,619.0,33530942
2021-04-16,610.0,611.0,603.0,610.0,48507383
2021-04-19,605.0,607.0,601.0,603.0,24231637
2021-04-20,598.0,602.0,595.0,602.0,34771635
2021-04-21,599.0,599.0,592.0,592.0,38458220
2021-04-22,596.0,598.0,591.0,591.0,33868521
2021-04-23,592.0,602.0,590.0,602.0,27754511
2021-04-26,605.0,610.0,603.0,610.0,30887664
2021-04-27,608.0,611.0,605.0,610.0,26317481
2021-04-28,606.0,608.0,601.0,602.0,24024054
2021-04-29,609.0,609.0,600.0,600.0,31828333
2021-05-03,595.0,597.0,588.0,588.0,41762441
2021-05-04,588.0,594.0,582.0,591.0,40273595
2021-05-05,594.0,594.0,585.0,585.0,29254785
2021-05-06,590.0,590.0,580.0,587.0,30725590
2021-05-07,594.0,600.0,589.0,599.0,28075722
2021-05-10,596.0,597.0,588.0,589.0,20434079
2021-05-11,579.0,580.0,570.0,571.0,59349193
2021-05-12,567.0,571.0,518.0,560.0,131741482
2021-05-13,547.0,563.0,541.0,547.0,66765627
2021-05-14,556.0,562.0,552.0,557.0,37533726
2021-05-17,544.0,558.0,541.0,549.0,56270958
2021-05-18,563.0,573.0,555.0,572.0,43689316
2021-05-19,571.0,572.0,565.0,567.0,28908777
2021-05-20,567.0,571.0,560.0,567.0,29709287
2021-05-21,572.0,577.0,568.0,573.0,27376731
2021-05-24,570.0,572.0,566.0,568.0,15629736
2021-05-25,576.0,584.0,573.0,583.0,33039911
2021-05-26,587.0,588.0,581.0,585.0,18703987
2021-05-27,580.0,582.0,573.0,582.0,62169719
2021-05-28,587.0,592.0,582.0,590.0,29086873
2021-05-31,595.0,597.0,590.0,597.0,30657474
2021-06-01,598.0,599.0,595.0,598.0,17818326
2021-06-02,600.0,600.0,593.0,595.0,21872755
2021-06-03,600.0,600.0,596.0,596.0,21077164
2021-06-04,591.0,595.0,590.0,595.0,15756180
2021-06-07,594.0,595.0,583.0,592.0,17077625
2021-06-08,590.0,595.0,588.0,589.0,13396324
2021-06-09,586.0,588.0,583.0,586.0,20023490
2021-06-10,591.0,599.0,587.0,599.0,28527745
2021-06-11,602.0,603.0,600.0,602.0,24227710
2021-06-15,607.0,609.0,606.0,609.0,26012250
2021-06-16,608.0,608.0,605.0,605.0,25856919
2021-06-17,601.0,606.0,598.0,606.0,22872361
2021-06-18,608.0,608.0,601.0,603.0,32652017
2021-06-21,590.0,594.0,583.0,583.0,44279632
2021-06-22,585.0,588.0,578.0,578.0,27823974
2021-06-23,583.0,598.0,581.0,595.0,34392376
2021-06-24,598.0,598.0,588.0,590.0,16524230
2021-06-25,598.0,598.0,589.0,591.0,18841696
2021-06-28,590.0,590.0,586.0,590.0,15028407
2021-06-29,598.0,598.0,591.0,595.0,28659610
2021-06-30,599.0,599.0,595.0,595.0,24883853
2021-07-01,596.0,597.0,591.0,593.0,18250994
2021-07-02,590.0,593.0,587.0,588.0,18322419
2021-07-05,588.0,597.0,588.0,591.0,28836816
2021-07-06,595.0,596.0,589.0,592.0,12997112
2021-07-07,590.0,594.0,588.0,594.0,16966158
2021-07-08,595.0,595.0,588.0,588.0,21140426
2021-07-09,582.0,585.0,580.0,584.0,29029415
2021-07-12,595.0,597.0,590.0,593.0,31304547
2021-07-13,600.0,608.0,599.0,607.0,52540315
2021-07-14,613.0,615.0,608.0,613.0,38418875
2021-07-15,613.0,614.0,608.0,614.0,22012834
2021-07-16,591.0,595.0,588.0,589.0,57970545
2021-07-19,583.0,584.0,578.0,582.0,40644341
2021-07-20,579.0,584.0,579.0,581.0,15354333
2021-07-21,586.0,586.0,580.0,585.0,25828732
2021-07-22,589.0,594.0,587.0,591.0,26058172
2021-07-23,592.0,592.0,583.0,585.0,15271451
2021-07-26,591.0,591.0,580.0,580.0,21619179
2021-07-27,581.0,584.0,580.0,580.0,17785992
2021-07-28,576.0,579.0,573.0,579.0,36158305
2021-07-29,585.0,585.0,577.0,583.0,23224896
2021-07-30,581.0,582.0,578.0,580.0,18999281
2021-08-02,583.0,590.0,580.0,590.0,23482491
2021-08-03,594.0,594.0,590.0,594.0,22747702
2021-08-04,598.0,598.0,594.0,596.0,20313271
2021-08-05,598.0,598.0,593.0,596.0,15116242
2021-08-06,596.0,596.0,588.0,591.0,13687213
2021-08-09,590.0,595.0,583.0,595.0,17390951
2021-08-10,596.0,596.0,589.0,591.0,17190865
2021-08-11,590.0,590.0,585.0,590.0,19969687
2021-08-12,586.0,588.0,584.0,586.0,15444622
2021-08-13,585.0,585.0,579.0,581.0,22524428
2021-08-16,582.0,586.0,578.0,584.0,19315705
2021-08-17,584.0,584.0,584.0,584.0,0
2021-08-18,568.0,575.0,566.0,574.0,43716164
2021-08-19,573.0,573.0,559.0,559.0,38868947
2021-08-20,560.0,563.0,551.0,552.0,45614061
2021-08-23,560.0,572.0,559.0,566.0,33685159
2021-08-24,574.0,575.0,571.0,572.0,24844800
2021-08-25,579.0,585.0,574.0,585.0,27504657
2021-08-26,601.0,603.0,591.0,594.0,43822008
2021-08-27,596.0,600.0,593.0,599.0,27105651
2021-08-30,602.0,605.0,599.0,605.0,36575609
2021-08-31,604.0,614.0,598.0,614.0,52721470
2021-09-01,614.0,614.0,608.0,613.0,30092045
2021-09-02,613.0,615.0,607.0,607.0,24112463
2021-09-03,610.0,620.0,610.0,620.0,51562454
2021-09-06,623.0,638.0,621.0,631.0,55589014
2021-09-07,634.0,634.0,623.0,623.0,26526056
2021-09-08,622.0,627.0,612.0,619.0,37817737
2021-09-09,612.0,620.0,610.0,619.0,18735512
2021-09-10,615.0,623.0,614.0,622.0,16304725
2021-09-13,619.0,620.0,613.0,615.0,15198774
2021-09-14,618.0,618.0,612.0,613.0,14441901
2021-09-15,610.0,613.0,607.0,607.0,23433501
2021-09-16,603.0,607.0,599.0,600.0,22467022
2021-09-17,600.0,610.0,599.0,600.0,40717715
2021-09-22,586.0,589.0,583.0,586.0,40642293
2021-09-23,588.0,593.0,588.0,588.0,21696296
2021-09-24,591.0,598.0,590.0,598.0,16736973
2021-09-27,600.0,602.0,593.0,602.0,19464241
2021-09-28,595.0,596.0,592.0,594.0,16707080
2021-09-29,580.0,583.0,577.0,580.0,49310524
2021-09-30,580.0,585.0,575.0,580.0,30465107
2021-10-01,579.0,579.0,571.0,574.0,36704493
2021-10-04,574.0,575.0,569.0,572.0,20957803
2021-10-05,562.0,572.0,560.0,572.0,33824024
2021-10-06,573.0,574.0,565.0,571.0,32508846
2021-10-07,575.0,582.0,572.0,580.0,27933054
2021-10-08,582.0,583.0,573.0,575.0,18279079
2021-10-12,570.0,575.0,564.0,575.0,26522907
2021-10-13,572.0,575.0,570.0,571.0,18914374
2021-10-14,579.0,579.0,573.0,573.0,13916927
2021-10-15,592.0,600.0,586.0,600.0,53150216
2021-10-18,604.0,604.0,590.0,590.0,19158568
2021-10-19,598.0,600.0,593.0,600.0,17386359
2021-10-20,603.0,604.0,597.0,598.0,16372520
2021-10-21,602.0,603.0,595.0,596.0,16169014
2021-10-22,600.0,602.0,594.0,600.0,13995403
2021-10-25,597.0,597.0,590.0,593.0,16785568
2021-10-26,595.0,600.0,593.0,599.0,19998808
2021-10-27,598.0,599.0,594.0,599.0,14961858
2021-10-28,598.0,598.0,591.0,595.0,16570044
2021-10-29,595.0,596.0,589.0,590.0,25763960
2021-11-01,591.0,593.0,590.0,590.0,16089351
2021-11-02,594.0,597.0,590.0,592.0,15192404
2021-11-03,597.0,597.0,592.0,592.0,10224009
2021-11-04,592.0,594.0,585.0,587.0,17932145
2021-11-05,598.0,600.0,595.0,600.0,33270827
2021-11-08,600.0,602.0,598.0,602.0,19752355
2021-11-09,611.0,617.0,610.0,611.0,39538660
2021-11-10,611.0,612.0,608.0,612.0,16027674
2021-11-11,600.0,606.0,600.0,606.0,18463848
2021-11-12,610.0,611.0,602.0,604.0,15821327
2021-11-15,609.0,611.0,607.0,608.0,15551452
2021-11-16,612.0,612.0,608.0,610.0,20917108
2021-11-17,615.0,615.0,608.0,610.0,19717852
2021-11-18,613.0,614.0,607.0,613.0,20030651
2021-11-19,622.0,623.0,617.0,618.0,35554348
2021-11-22,618.0,618.0,615.0,615.0,20312168
2021-11-23,615.0,615.0,611.0,612.0,19431694
2021-11-24,612.0,612.0,602.0,603.0,20391940
2021-11-25,605.0,607.0,601.0,603.0,11888265
2021-11-26,598.0,601.0,592.0,596.0,26588102
2021-11-29,594.0,598.0,591.0,593.0,23379558
2021-11-30,597.0,600.0,591.0,596.0,62021697
2021-12-01,596.0,603.0,594.0,600.0,21403404
2021-12-02,605.0,615.0,602.0,615.0,45125742
2021-12-03,614.0,614.0,606.0,608.0,23045832
2021-12-06,603.0,609.0,600.0,600.0,23589363
2021-12-07,602.0,607.0,597.0,607.0,18606530
2021-12-08,614.0,614.0,602.0,602.0,20801543
2021-12-09,606.0,608.0,602.0,608.0,11039070
2021-12-10,605.0,608.0,602.0,605.0,10497451
2021-12-13,609.0,610.0,601.0,601.0,17711657
2021-12-14,598.0,600.0,597.0,599.0,22579034
2021-12-15,597.0,601.0,596.0,600.0,21827730
2021-12-16,605.0,605.0,601.0,605.0,21809022
2021-12-17,601.0,607.0,599.0,607.0,24105733
2021-12-20,607.0,607.0,598.0,598.0,21381070
2021-12-21,597.0,600.0,595.0,597.0,17001461
2021-12-22,598.0,601.0,598.0,600.0,9831802
2021-12-23,607.0,608.0,602.0,606.0,16654439
2021-12-24,606.0,609.0,604.0,604.0,11059689
2021-12-27,604.0,610.0,604.0,606.0,16259872
2021-12-28,610.0,615.0,610.0,615.0,33892718
2021-12-29,615.0,619.0,614.0,616.0,24518766
2021-12-30,619.0,620.0,615.0,615.0,19681276
